17104077
17104078
17104079
17104080
17104081
17104082
17104083
17104084
17104085
17104086
17104087
17104088
17104089
17104090
17104091
17104092
17104093
17104094
17104095
17104096
17104097
17104098
17104099
17104100
17104101
17104102
17104103
17104104
17104105
17104106
17104107
17104108
17104109
17104110
17104111
17104112
17104113
17104114
17104115
17104116
17104117
17104118
17104119
17104120
17104121
17104122
17104123
17104124
17104125
17104126
17104127
17104128
17104129
17104130
17104131
17104132
17104133
17104134
17104135
17104136
17104137
17104138
17104139
17104140
17104141
17104142
17104143
17104144
17104145
17104146
17104147
17104148
17104149
17104150
17104151
16104083
16104140
17109001
17109002
17109003
17109004
17109005
17109006
17109007
17109008
17109009
17109010
17109011
17109012
17109013
17109014
17109015
17109016
17109017
17109018
17109019
17109020
17109021
17109022
17109023
17109024
17109025
17109026
17109027
17109028
17109029
17109030
17109031
17109032
17109033
17109034
17109035
17109036
17109037
17109038
17109039
17109040
17109041
17109042
17109043
17109044
17109045
17109046
17109047
17109048
17109049
17109050
17109051
17109052
17109053
17109054
17109055
17109056
17109057
17109058
17109059
17109060
17109061
17109062
17109063
17109064
17109065
17109066
17109067
17109068
17109069
17109070
